1225
1258
1260
1269
1271
1507
1585
1594
1602
1613
1701
2071
2072
2237
2249
2252
2256
2311
2325
2358
2443
2730
2733
2741
2750
2758
2761
2936
3089
3097
3117
3135
3158
3184
3202
3383
3485
3536
3603
3633
3642
3678
3682
4117
4132
4136
4141
4150
4151
4169
4172
4186
4195
4197
4429
4537
4546
4559
4565
4573
4578
4725
4732
4765
4944
4980
5102
5233
5254
5264
5267
5271
5281
5297
5383
5387
5820
6028
6247
6251
6272
6289
6404
6407
6428
6434
6457
6468
6473
6493
6495
6514
6539
6543
6545
6555
6562
6566
6572
6575
6580
6583
6594
6595
6599
6611
6618
6620
6626
6639
6648
6650
6665
6673
6676
6677
6682
6696
6699
6705
6717
6723
6724
6729
6730
6731
6734
6736
6738
6748
6750
6755
6758
6764
6780
6786
6793
6797
6808
6812
6813
6814
6815
6819
6825
6827
6831
6833
6837
6839
6842
6847
6848
6850
6858
7443
7452
7507
7516
7530
7555
7558
7561
7566
8041
8115
8119
8179
8281
8287
8298
8329
8406
8420
8427
8458
8465
8480
8490
8491
8492
9957