1102
1103
1104
1201
1203
1216
1217
1227
1229
1240
1269
1293
1295
1301
1303
1314
1316
1326
1340
1402
1432
1467
1503
1512
1517
1519
1528
1594
1598
1599
1602
1604
1617
1626
1702
1707
1717
1726
1732
1734
1776
1789
1795
1810
1813
1905
1907
2002
2010
2012
2017
2022
2024
2064
2066
2104
2106
2109
2206
2207
2208
2228
2236
2239
2247
2255
2308
2332
2371
2399
2401
2404
2412
2414
2442
2461
2464
2491
2535
2545
2547
2596
2601
2605
2608
2610
2614
2640
2644
2646
2726
2729
2739
2740
2741
2748
2752
2753
2758
2760
2761
2832
2845
2850
2851
2867
2881
2882
2883
2885
2887
2891
2903
2905
2906
2908
2912
2915
2923
2926
2937
2945
2949
3003
3018
3045
3052
3067
3191
3205
3209
3288
3313
3322
3356
3430
3434
3501
3522
3532
3552
3593
3594
3609
3611
3628
3631
3632
3661
3672
3685
3701
3702
3703
3704
3707
3710
3716
4106
4133
4164
4175
4190
4195
4198
4303
4304
4401
4414
4502
4510
4526
4530
4554
4563
4565
4580
4714
4728
4745
4806
4807
4904
4908
4916
4924
4946
4950
4977
5007
5009
5016
5202
5215
5258
5283
5287
5314
5328
5398
5410
5425
5515
5521
5529
5530
5543
5546
5706
5871
5902
6123
6136
6141
6150
6165
6179
6183
6189
6199
6220
6226
6245
6248
6264
6411
6419
6431
6499
6505
6509
6539
6549
6562
6573
6577
6595
6605
6616
6620
6625
6639
6667
6676
6682
6699
6707
6721
6723
6725
6727
6737
6741
6753
6757
6764
6771
6790
6796
6798
6823
6825
6839
6843
6849
6868
6869
6873
6874
6890
6898
6923
6928
6938
6940
6958
6965
6977
6983
6984
6995
6997
7530
7551
7558
7583
7584
7722
7723
7728
7732
7734
7738
7740
7747
7748
7781
7791
7806
7820
7833
7839
7841
7842
8044
8050
8084
8088
8329
8403
8429
8433
8454
8472
8482
8489
8917
8923
9120
9904
9912
9921
9930
9934
9935
9945
9950