1258
1260
1262
1269
1271
1293
1333
1343
1469
1507
1566
1585
1592
1594
1602
1613
1701
1702
1704
1715
1724
1729
1734
1777
1780
1787
1902
2002
2071
2072
2237
2243
2245
2246
2249
2252
2255
2256
2311
2325
2358
2361
2396
2424
2437
2443
2448
2456
2460
2475
2499
2599
2610
2643
2730
2733
2741
2750
2758
2761
2841
2847
2880
2881
2882
2883
2885
2886
2887
2888
2889
2890
2891
2892
2928
2936
2938
2942
3028
3047
3068
3089
3097
3117
3128
3135
3144
3158
3184
3284
3291
3299
3315
3383
3406
3428
3430
3431
3452
3465
3474
3479
3485
3514
3519
3536
3553
3559
3561
3562
3573
3579
3585
3595
3598
3603
3609
3627
3633
3642
3646
3658
3659
3662
3673
3678
3682
3698
3706
4103
4117
4123
4132
4136
4141
4144
4150
4151
4152
4166
4169
4172
4180
4186
4194
4195
4197
4415
4429
4431
4441
4506
4537
4544
4546
4553
4559
4565
4573
4575
4578
4582
4703
4712
4725
4732
4733
4738
4749
4760
4762
4765
4803
4804
4925
4944
4947
4965
4980
4984
5102
5233
5240
5248
5254
5255
5259
5264
5266
5267
5271
5277
5281
5297
5304
5305
5317
5349
5383
5384
5387
5388
5395
5426
5434
5466
5480
5491
5505
5506
5547
5820
5859
5863
5864
5880
6022
6027
6028
6105
6107
6118
6121
6131
6135
6142
6145
6160
6172
6211
6230
6238
6243
6247
6250
6251
6272
6286
6289
6298
6403
6404
6407
6411
6422
6428
6434
6446
6452
6456
6468
6473
6474
6493
6495
6497
6498
6514
6518
6536
6539
6543
6545
6549
6554
6555
6559
6562
6564
6565
6566
6570
6572
6575
6580
6583
6586
6594
6595
6597
6599
6605
6610
6611
6618
6620
6621
6622
6626
6634
6638
6639
6648
6649
6650
6652
6665
6673
6676
6677
6682
6689
6696
6699
6702
6705
6708
6709
6717
6723
6724
6729
6730
6731
6734
6736
6737
6738
6744
6748
6750
6755
6757
6758
6764
6775
6780
6784
6786
6787
6793
6797
6808
6810
6812
6813
6814
6815
6816
6817
6818
6819
6820
6825
6826
6827
6831
6832
6833
6837
6839
6842
6844
6847
6848
6850
6857
6858
6864
6868
6878
6879
7419
7427
7443
7452
7507
7516
7530
7551
7555
7558
7561
7566
7590
7595
8041
8048
8053
8071
8079
8081
8082
8096
8099
8103
8115
8119
8155
8179
8213
8266
8281
8287
8298
8329
8359
8406
8418
8427
8432
8433
8444
8454
8458
8465
8472
8480
8487
8490
8491
8492
8497
8913
8925
8934
9957
