0050
0051
0053
0055
0057
0061
1215
1220
1340
1516
1526
1602
1613
1615
1714
1780
1810
2023
2227
2236
2250
2325
2342
2344
2358
2374
2388
2443
2444
2451
2468
2493
2496
2527
2536
2596
2599
2643
2718
2734
2745
2754
2833
2849
2856
3044
3048
3062
3071
3081
3128
3178
3189
3252
3312
3362
3374
3376
3437
3443
3492
3548
3563
3663
4166
4183
4431
4513
4728
4908
5014
5347
5392
5426
5471
5483
5521
5604
6101
6113
6127
6146
6147
6151
6175
6199
6404
6419
6442
6451
6488
6491
6545
6575
6609
6625
6655
6665
6717
6727
6839
6868
6875
7452
8115
8234
8358
8403
8410
8418
8429
8436
8492
9103
9110
9136
9906