1101B
1258
1262
1312A
1333
1469
1507
1522A
1566
1585
1592
1602
1613
1701
1704
1715
1724
1729
1787
1902
2002A
2246
2311
2325
2348A
2358
2361
2396
2437
2443
2448
2456
2475
2499
2599
2730
2750
2809
2823
2833
2836A
2838A
2841
2847
2856
2881A
2881B
2881C
2882A
2882B
2883B
2887E
2887F
2887Z1
2888
2891B
2891C
2897B
2928
2936
3036A
3068
3089
3144
3202
3291
3299
3315
3383
3428
3431
3452
3474
3514
3519
3536
3553
3559
3561
3562
3573
3579
3598
3627
3642
3658
3662
3682
3698
4103
4136
4141
4144
4151
4152
4180
4415
4429
4578
4703
4712
4725
4733
4762
4803
4944
4945
4947
4965
4984
5102
5233
5255
5259
5264
5266
5277
5281
5304
5305
5317
5349
5383
5384
5387
5395
5466
5480
5491
5505
5506
5820
5871A
6022
6105
6107
6131
6135
6145
6172
6211
6238
6247
6250
6251
6286
6287
6288
6289
6298
6403
6404
6422
6452
6457
6468
6495
6497
6514
6545
6554
6562
6566
6575
6592A
6592B
6594
6611
6626
6699
6702
6717
6724
6731
6736
6747
6764
6813
6837
7452
7555
8041
8053
8079
8082
8112A
8115
8179
8266
8281
8287
8349A
8406
8418
8420
8427
8465
8480
8490
8491
8492
8497
8913
8925
8934
9103
910322
9106
910861
9110
911608
911622
911868
9136
9157
9188
9941A
