1101
1102
1103
1104
1108
1109
1110
1201
1203
1210
1213
1215
1216
1217
1218
1219
1220
1225
1227
1229
1231
1232
1233
1234
1235
1236
1240
1256
1258
1259
1260
1262
1264
1268
1269
1271
1293
1301
1303
1304
1305
1307
1308
1309
1310
1312
1313
1314
1315
1316
1319
1321
1323
1324
1325
1326
1333
1336
1337
1338
1339
1340
1341
1342
1343
1402
1409
1410
1413
1414
1416
1417
1418
1419
1423
1432
1434
1435
1436
1437
1438
1439
1440
1441
1442
1443
1444
1445
1446
1447
1449
1451
1452
1453
1454
1455
1456
1457
1459
1460
1463
1464
1465
1466
1467
1468
1469
1470
1471
1472
1473
1474
1475
1476
1477
1503
1504
1506
1507
1512
1513
1514
1515
1516
1517
1519
1521
1522
1524
1525
1526
1527
1528
1529
1530
1531
1532
1533
1535
1536
1537
1538
1539
1540
1541
1558
1560
1563
1565
1566
1568
1569
1570
1580
1582
1583
1584
1585
1586
1587
1589
1590
1591
1592
1593
1594
1595
1597
1598
1599
1602
1603
1604
1605
1608
1609
1611
1612
1613
1614
1615
1616
1617
1618
1626
1701
1702
1704
1707
1708
1709
1710
1711
1712
1713
1714
1715
1717
1718
1720
1721
1722
1723
1724
1725
1726
1727
1729
1730
1731
1732
1733
1734
1735
1736
1737
1742
1752
1760
1762
1773
1776
1777
1780
1781
1783
1784
1785
1786
1787
1788
1789
1795
1796
1799
1802
1805
1806
1808
1809
1810
1813
1815
1817
1902
1903
1904
1905
1906
1907
1909
2002
2006
2007
2008
2009
2010
2012
2013
2014
2015
2017
2020
2022
2023
2024
2025
2027
2028
2029
2030
2031
2032
2033
2034
2035
2038
2049
2059
2061
2062
2063
2064
2065
2066
2067
2069
2070
2071
2072
2073
2101
2102
2103
2104
2105
2106
2107
2108
2109
2114
2115
2201
2204
2206
2207
2208
2211
2221
2227
2228
2230
2231
2233
2235
2236
2237
2239
2241
2243
2245
2246
2247
2248
2249
2250
2252
2254
2255
2256
2301
2302
2303
2305
2308
2311
2312
2313
2314
2316
2317
2321
2323
2324
2325
2327
2328
2329
2330
2331
2332
2337
2338
2340
2342
2344
2345
2347
2348
2349
2351
2352
2353
2354
2355
2356
2357
2358
2359
2360
2361
2362
2363
2364
2365
2367
2368
2369
2371
2373
2374
2375
2376
2377
2379
2380
2382
2383
2385
2387
2388
2390
2392
2393
2395
2396
2397
2399
2401
2402
2404
2405
2406
2407
2408
2409
2412
2413
2414
2415
2417
2419
2420
2421
2423
2424
2425
2426
2427
2428
2429
2430
2431
2433
2434
2436
2437
2438
2439
2440
2441
2442
2443
2444
2448
2449
2450
2451
2453
2454
2455
2456
2457
2458
2459
2460
2461
2462
2464
2465
2466
2467
2468
2471
2472
2474
2475
2476
2477
2478
2480
2481
2482
2483
2484
2485
2486
2488
2489
2491
2492
2493
2495
2496
2497
2498
2499
2501
2504
2505
2506
2509
2511
2514
2515
2516
2520
2524
2527
2528
2530
2534
2535
2536
2537
2538
2539
2540
2542
2543
