1103
1104
1201
1203
1216
1217
1227
1229
1236
1240
1256
1258
1262
1269
1301
1303
1314
1316
1323
1326
1333
1338
1339
1340
1402
1409
1416
1432
1435
1439
1441
1460
1467
1469
1471
1472
1474
1503
1504
1507
1512
1517
1519
1521
1522
1540
1541
1566
1590
1592
1593
1594
1598
1599
1602
1609
1617
1626
1702
1704
1707
1715
1724
1726
1729
1732
1734
1742
1787
1795
1802
1805
1806
1809
1810
1813
1902
1905
1907
2002
2012
2017
2023
2024
2062
2064
2073
2104
2105
2106
2109
2201
2206
2207
2208
2227
2228
2230
2236
2237
2239
2243
2247
2248
2250
2255
2308
2311
2312
2316
2321
2323
2325
2340
2358
2360
2371
2373
2374
2396
2399
2401
2404
2406
2409
2412
2413
2414
2420
2433
2443
2448
2454
2456
2457
2461
2462
2464
2466
2468
2475
2491
2499
2506
2535
2543
2547
2597
2601
2608
2610
2611
2614
2643
2705
2707
2712
2719
2724
2726
2727
2733
2734
2736
2741
2748
2750
2752
2753
2758
2761
2816
2845
2847
2850
2851
2867
2881
2882
2883
2884
2885
2892
2903
2905
2906
2911
2912
2913
2915
2923
2924
2926
2928
2929
2936
2937
2939
2945
3003
3010
3018
3032
3041
3043
3045
3048
3052
3055
3068
3089
3128
3130
3144
3162
3171
3191
3202
3205
3219
3224
3232
3252
3288
3299
3313
3322
3338
3346
3356
3379
3428
3430
3431
3434
3438
3452
3504
3508
3514
3519
3532
3536
3537
3540
3550
3551
3561
3562
3576
3579
3593
3605
3607
3609
3617
3623
3628
3632
3652
3659
3662
3664
3672
3691
3698
3701
3702
3703
3704
3710
3711
4103
4106
4129
4136
4137
4139
4141
4144
4150
4152
4164
4180
4190
4198
4303
4304
4306
4401
4413
4414
4415
4429
4430
4432
4506
4526
4530
4541
4552
4554
4560
4565
4575
4580
4712
4714
4725
4728
4745
4767
4803
4804
4807
4903
4904
4908
4909
4924
4939
4943
4947
4950
4965
4979
4984
5007
5011
5016
5102
5215
5245
5251
5255
5259
5264
5283
5287
5292
5297
5304
5305
5306
5314
5317
5321
5349
5371
5381
5398
5439
5443
5465
5475
5480
5484
5491
5498
5505
5534
5543
5546
5706
5820
5878
5902
5907
6101
6103
6105
6107
6108
6111
6116
6128
6131
6140
6143
6145
6163
6172
6176
6179
6180
6182
6189
6195
6206
6220
6238
6248
6251
6276
6283
6291
6292
6298
6407
6411
6419
6422
6425
6428
6431
6452
6464
6473
6495
6497
6499
6505
6508
6539
6549
6554
6555
6560
6573
6576
6577
6583
6584
6605
6611
6616
6620
6625
6639
6640
6648
6649
6650
6666
6667
6668
6671
6677
6682
6689
6721
6723
6727
6731
6736
6738
6741
6750
6753
6754
6755
6757
6764
6771
6780
6786
6790
6791
6810
6823
6825
6835
6839
6842
6868
6869
6873
6874
7452
7584
7590
8032
8034
8044
8047
8053
8066
8072
8081
8082
8087
8088
8114
8115
8281
8284
8287
8329
8354
8403
8406
8418
8427
8431
8437
8450
8454
8463
8472
8482
8488
8489
8492
8497
8499
8913
8923
8934
8936