1101
1102
1103
1104
1108
1109
1110
1203
1210
1213
1215
1216
1217
1218
1219
1225
1227
1229
1231
1233
1234
1235
1236
1240
1256
1258
1259
1260
1262
1268
1269
1293
1301
1303
1307
1310
1312
1314
1315
1316
1323
1324
1325
1326
1333
1336
1337
1338
1339
1340
1341
1343
1402
1409
1410
1413
1416
1418
1419
1423
1432
1438
1440
1441
1443
1444
1445
1446
1447
1449
1453
1456
1457
1460
1466
1467
1468
1469
1470
1471
1472
1473
1474
1475
1503
1504
1507
1512
1514
1515
1516
1517
1519
1521
1522
1525
1526
1527
1528
1529
1535
1536
1541
1558
1566
1568
1569
1570
1584
1585
1589
1590
1591
1592
1593
1594
1595
1597
1598
1599
1602
1604
1608
1609
1615
1617
1618
1626
1701
1702
1704
1709
1710
1712
1715
1717
1720
1723
1724
1726
1727
1729
1730
1732
1734
1737
1742
1752
1760
1762
1776
1780
1784
1785
1786
1787
1788
1789
1795
1802
1805
1806
1808
1809
1810
1813
1815
1817
1902
1904
1905
1907
2002
2007
2008
2009
2010
2012
2013
2014
2017
2020
2022
2023
2024
2025
2027
2028
2029
2031
2033
2034
2035
2038
2061
2062
2064
2066
2067
2069
2071
2073
2104
2105
2106
2109
2201
2204
2206
2207
2208
2211
2221
2227
2228
2233
2235
2236
2239
2243
2247
2248
2250
2255
2256
2301
2302
2305
2308
2311
2312
2314
2316
2323
2324
2325
2330
2331
2332
2340
2342
2347
2349
2353
2355
2357
2362
2364
2367
2369
2371
2373
2375
2377
2388
2390
2392
2396
2399
2401
2404
2405
2406
2409
2412
2414
2420
2423
2424
2425
2431
2433
2434
2438
2442
2444
2448
2451
2454
2456
2459
2461
2464
2466
2468
2471
2472
2475
2478
2480
2481
2485
2488
2491
2492
2493
2495
2499
2501
2504
2505
2506
2514
2515
2516
2520
2524
2530
2534
2535
2536
2538
2539
2542
2543
2546
2547
2548
2596
2597
2599
2601
2605
2606
2607
2608
2609
2610
2611
2612
2613
2614
2615
2616
2617
2618
2640
2707
2726
2730
2733
2734
2739
2740
2752
2753
2756
2758
2761
2834
2838
2841
2847
2850
2851
2867
2881
2882
2883
2885
2897
2903
2905
2906
2912
2913
2923
2924
2926
2928
2929
2936
2937
2945
3003
3018
3045
3052
3068
3071
3089
3144
3202
3205
3232
3252
3285
3288
3299
3313
3315
3322
3383
3428
3430
3431
3434
3438
3452
3514
3519
3532
3536
3552
3553
3559
3561
3562
3579
3593
3594
3609
3628
3632
3642
3662
3664
3682
3691
3698
3701
3702
3703
3704
4103
4106
4113
4133
4136
4139
4141
4144
4151
4152
4164
4175
4180
4190
4197
4303
4401
4413
4415
4419
4429
4502
4523
4526
4544
4554
4563
4565
4578
4580
4714
4725
4728
4745
4762
4803
4804
4807
4904
4908
4924
4943
4944
4946
4947
4950
4965
4977
4984
5007
5009
5016
5102
5211
5215
5255
5258
5259
5264
5266
5271
5278
5281
5283
5287
5304
5305
5314
5317
5328
5349
5381
5383
5384
5392
5398
5450
5480
5491
5505
5506
5515
5534
5543
5546
5820
5871
5876
5902
6005
6022
6105
6107
6111
6131
6145
6154
6172
6179
6203
6220
6226
6238
6245
6247
6248
6251
6264
6276
6283
6289
6298
6404
6411
6415
6419
6422
6431
6452
6464
6468
6497
6505
6509
6539
6549
6554
6566
6573
6594
6595
6596
6605
6609
6611
6624
6639
6648
6649
6666
6667
6682
6706
6721
6724
6727
6731
6736
6737
6741
6757
6764
6771
6786
6790
6796
6823
6835
6842
6868
6869
6874
7551
7558
7561
7584
7590
8041
8044
8050
8053
8068
8081
8082
8087
8101
8179
8281
8406
8418
8427
8465
8480
8490
8491
8497
8913
8934