1260
1262
1269
1271
1293
1325
1338
1343
1455
1585
1594
1602
1613
1780
2071
2237
2245
2246
2249
2252
2255
2256
2528
2599
2606
2615
2733
2739
2741
2750
2758
2761
2880
2881
2882
2883
2885
2886
2889
2890
2891
2892
2938
2942
3023
3060
3097
3117
3158
3184
3219
3230
3265
3305
3306
3416
3485
3577
3585
3595
3603
3627
3633
3659
3664
3672
3678
3711
4113
4117
4132
4150
4169
4172
4186
4194
4195
4197
4205
4431
4537
4544
4546
4553
4559
4565
4573
4575
4582
4712
4732
4738
4765
4770
4925
4980
5013
5240
5248
5254
5267
5271
5277
5297
5387
5481
5859
5863
5880
6027
6028
6176
6202
6272
6403
6407
6434
6473
6474
6493
6518
6536
6539
6543
6545
6549
6555
6559
6562
6564
6565
6572
6575
6580
6581
6583
6586
6588
6595
6599
6610
6620
6621
6622
6626
6634
6638
6639
6648
6650
6652
6665
6673
6676
6677
6682
6696
6699
6705
6709
6717
6723
6728
6729
6734
6737
6738
6744
6748
6750
6755
6758
6764
6775
6780
6784
6786
6787
6793
6797
6808
6810
6812
6813
6814
6815
6816
6817
6818
6819
6820
6825
6826
6832
6833
6837
6839
6842
6847
6848
6850
6857
6858
6864
6868
6878
6879
7419
7427
7443
7507
7516
7530
7551
7555
7558
7561
7566
7590
7595
8115
8119
8287
8298
8329
8341
8359
8418
8458
8916
9943
9957
