2101
2102
2103
2104
2105
2106
2107
2108
2109
2114
2115
2201
2204
2206
2207
2208
2211
2221
2227
2228
2230
2231
2233
2235
2236
2237
2239
2241
2243
2245
2246
2247
2248
2249
2250
2252
2254
2255
2256
2301
2302
2303
2305
2308
2311
2312
2313
2314
2316
2317
2321
2323
2324
2325
2327
2328
2329
2330
2331
2332
2337
2338
2340
2342
2344
2345
2347
2348
2349
2351
2352
2353
2354
2355
2356
2357
2358
2359
2360
2361
2362
2363
2364
2365
2367
2368
2369
2371
2373
2374
2375
2376
2377
2379
2380
2382
2383
2385
2387
2388
2390
2392
2393
2395
2396
2397
2399
2401
2402
2404
2405
2406
2407
2408
2409
2412
2413
2414
2415
2417
2419
2420
2421
2423
2424
2425
2426
2427
2428
2429
2430
2431
2433
2434
2436
2437
2438
2439
2440
2441
2442
2443
2444
2448
2449
2450
2451
2453
2454
2455
2456
2457
2458
2459
2460
2461
2462
2464
2465
2466
2467
2468
2471
2472
2474
2475
2476
2477
2478
2480
2481
2482
2483
2484
2485
2486
2488
2489
2491
2492
2493
2495
2496
2497
2498
2499
2501
2504
2505
2506
2509
2511
2514
2515
2516
2520
