4138
4139
4141
4142
4144
4147
4148
4150
4151
4152
4153
4154
4155
4157
4160
4161
4162
4163
4164
4166
4167
4168
4169
4171
4172
4173
4174
4175
4180
4183
4186
4188
4190
4192
4194
4195
4197
4198
4205
4207
4303
4304
4305
4306
4401
4402
4406
4413
4414
4415
4416
4417
4419
4420
4426
4429
4430
4431
4432
4433
4438
4439
4440
4441
4502
4503
4506
4510
4513
4523
4526
4527
4528
4529
4530
4532
4533
4534
4535
4536
4537
4538
4540
4541
4542
4543
4544
4545
4546
4549
4550
4551
4552
4553
4554
4555
4556
4557
4558
4559
4560
4561
4562
4563
4564
4565
4566
4568
4571
4572
4573
4575
4576
4577
4578
4580
4581
4582
4583
4584
4609
4702
4703
4706
4707
4711
4712
4714
4716
4720
4721
4722
4725
4726
4728
4729
4732
4733
4735
4736
4737
4738
4739
4741
4743
4744
4745
4746
4747
4749
4754
4755
4760
4762
4763
4764
4765
4766
4767
4768
4770
4771
4803
4804
4806
4807
4903
4904
4905
4906
4907
4908
4909
4911
4912
4915
4916
4919
4923
4924
4925
4927
4930
4931
4933
4934
4935
4938
4939
4942
4943
4944
4945
4946
4947
4950
4951
4952
4953
4956
4958
4960
4961
4965
4966
4967
4968
4971
4972
4973
4974
4976
4977
4979
4980
4984
4987
4989
4991
4994
4995
4999
5007
5009
5011
5013
5014
5015
5016
5102
5201
5202
5203
5205
5206
5209
5210
5211
5212
5213
5215
5220
5222
5223
5225
5227
5228
5230
5233
5234
5236
5240
5243
5244
5245
5248
5251
5254
5255
5258
5259
5262
5263
5264
5266
5267
5269
5271
5272
5274
5276
5277
5278
5281
5283
5284
5285
5287
5288
5289
5291
5292
5297
5299
5301
5302
5304
5305
5306
5309
5310
5312
5314
5315
5317
5321
5324
5325
5328
5340
5344
5345
5347
5348
5349
5351
5353
5355
5356
5364
5371
5381
5383
5384
5386
5387
5388
5392
5395
5398
5403
5410
5425
5426
5432
5434
5438
5439
5443
5450
5452
5455
5457
5460
5464
5465
5466
5468
5469
5471
5474
5475
5478
5480
5481
5483
5484
5487
5488
5489
5490
5491
5493
5498
5505
5506
5508
5511
5512
5514
5515
5516
5519
5520
5521
5522
5523
5525
5529
5530
5531
5533
5534
5536
5538
5543
5546
5547
5601
5603
5604
5607
5608
5609
5701
5703
5704
5706
5820
5859
5863
5864
5871
5876
5878
5880
5902
5903
5904
5905
5906
5907
6005
6015
6016
6020
6021
6022
6023
6024
6026
6027
6028
6101
6103
6104
6105
6107
6108
6109
6111
6112
6113
6114
6115
6116
6117
6118
6120
6121
6122
6123
6124
6125
6126
6127
6128
6129
6130
6131
6133
6134
6135
6136
6138
6139
6140
6141
6142
6143
6144
6145
6146
6147
6148
6150
6151
6152
6153
6154
6155
6156
6158
6160
6161
6163
6164
6165
6166
6167
6168
6169
6170
6171
6172
6173
6174
6175
6176
6177
6179
6180
6182
6183
6184
6185
6186
6187
6188
6189
6190
6191
6192
6194
6195
6196
6197
6198
6199
6201
