insert into stocks_dividend values ('3324',2022,6,0,6,0,0,0,6,5.17,0,null,null,2022,265,175,218,2.75,0,2.75,2021,13.12,45.7,0,45.7);
insert into stocks_dividend values ('3324',2021,5.6,0,5.6,0,0,0,5.6,4.82,0,1,null,2021,252,135,187,2.99,0,2.99,2020,12.88,43.5,0,43.5);
insert into stocks_dividend values ('3324',2020,5.04,0,5.04,0,0,0,5.04,4.33,0,1,null,2020,265.5,101,194,2.6,0,2.6,2019,11.71,43.1,0,43.1);
insert into stocks_dividend values ('3324',2019,1.52,0,1.52,0,0,0,1.52,1.25,0,1,null,2019,242.5,94.1,163,0.93,0,0.93,2018,2.9,52.6,0,52.6);
insert into stocks_dividend values ('3324',2018,2.03,0,2.03,0,0,0,2.03,1.63,0,2,null,2018,100.5,45,71.3,2.84,0,2.84,2017,3.66,55.4,0,55.4);
insert into stocks_dividend values ('3324',2017,3.55,0,3.55,0,0,0,3.55,2.79,0,14,null,2017,109.5,66,84.3,4.21,0,4.21,2016,8.36,42.5,0,42.5);
insert into stocks_dividend values ('3324',2016,0.92,0,0.92,0,0,0,0.92,0.71,0,3,null,2016,121.5,36.2,80.8,1.13,0,1.13,2015,2.42,37.9,0,37.9);
insert into stocks_dividend values ('3324',2015,0.2,0,0.2,0,0,0,0.2,0.14,0,1,null,2015,44.25,14.25,21.9,0.91,0,0.91,2014,0.22,90.9,0,90.9);
insert into stocks_dividend values ('3324',2014,0.4,0,0.4,0,0,0,0.4,0.28,0,1,null,2014,29.8,14.05,22.1,1.8,0,1.8,2013,0.6,66.2,0,66.2);
insert into stocks_dividend values ('3324',2013,1,0,1,0,0,0,1,0.64,0,7,null,2013,34.8,17.2,23.5,4.25,0,4.25,2012,2.11,47.5,0,47.5);
insert into stocks_dividend values ('3324',2012,0.99,0,0.99,0,0,0,0.99,0.62,0,816,null,2012,48.75,25.2,36.5,2.7,0,2.7,2011,3.01,32.8,0,32.8);
insert into stocks_dividend values ('3324',2011,0,0,0,0,0,0,0,0,0,null,null,2011,34,23,27.6,0,0,0,2010,1.05,0,0,0);
insert into stocks_dividend values ('3324',2010,0,0,0,0,0,0,0,null,null,null,null,2010,30.55,16.1,22.5,0,0,0,2009,-1.13,0,0,0);
insert into stocks_dividend values ('3324',2009,0,0,0,0,0,0,0,0,0,null,null,2009,23.35,4.63,9.72,0,0,0,2008,-2.99,0,0,0);
insert into stocks_dividend values ('3324',2008,0,0,0,0,0,0,0,null,null,null,null,2008,18.9,4.01,11.7,0,0,0,2007,-3.82,0,0,0);
insert into stocks_dividend values ('3324',2007,0,0,0,0,0,0,0,null,null,null,null,2007,44.5,15.9,29.5,0,0,0,2006,-1.41,0,0,0);
insert into stocks_dividend values ('3324',2006,1.5,0,1.5,1,0,1,2.5,null,null,47,47,2006,67,18.1,34.5,4.34,2.9,7.24,2005,5.12,29.3,19.5,48.8);
insert into stocks_dividend values ('3324',2005,2.5,0,2.5,2.5,0,2.5,5,null,null,2725,2725,2005,109.5,41.05,72.1,3.47,3.47,6.93,2004,8.56,29.2,29.2,58.4);
insert into stocks_dividend values ('3324',2004,0,0,0,13,0,13,13,null,null,null,null,null,null,null,null,null,null,null,2003,16.8,0,77.4,77.4);
