insert into stocks_dividend values ('5489',2022,1,0,1,0,0,0,1,1,0,null,null,2022,35.6,32.45,34.7,2.88,0,2.88,2021,1.25,80,0,80);
insert into stocks_dividend values ('5489',2021,1.02,0,1.02,0,0,0,1.02,1,0,4,null,2021,38.7,28.8,33,3.09,0,3.09,2020,-0.29,-352,0,-352);
insert into stocks_dividend values ('5489',2020,1.53,0,1.53,0,0,0,1.53,1.51,0,94,null,2020,33.05,27.5,30.7,4.98,0,4.98,2019,1.95,78.4,0,78.4);
insert into stocks_dividend values ('5489',2019,2,0,2,0,0,0,2,1.98,0,537,null,2019,44.85,32.25,37.2,5.38,0,5.38,2018,3,66.7,0,66.7);
insert into stocks_dividend values ('5489',2018,1.5,0,1.5,0,0,0,1.5,1.48,0,9,null,2018,40.1,35.3,37.3,4.02,0,4.02,2017,1.79,83.8,0,83.8);
insert into stocks_dividend values ('5489',2017,1.8,0,1.8,0,0,0,1.8,1.77,0,43,null,2017,44.4,33.5,36.6,4.91,0,4.91,2016,2.18,82.6,0,82.6);
insert into stocks_dividend values ('5489',2016,3.5,0,3.5,0,0,0,3.5,3.46,0,83,null,2016,56.4,40.55,46.7,7.5,0,7.5,2015,4.15,84.3,0,84.3);
insert into stocks_dividend values ('5489',2015,4.08,0,4.08,0,0,0,4.08,4.12,0,20,null,2015,72.4,43.5,56.1,7.27,0,7.27,2014,5.78,70.6,0,70.6);
insert into stocks_dividend values ('5489',2014,4.04,0,4.04,0,0,0,4.04,4.08,0,70,null,2014,89.3,56,72.8,5.55,0,5.55,2013,5.77,70,0,70);
insert into stocks_dividend values ('5489',2013,3,0,3,0,0,0,3,2.99,0,1,null,2013,86.5,39.4,54.9,5.46,0,5.46,2012,3.78,79.4,0,79.4);
insert into stocks_dividend values ('5489',2012,1.21,0,1.21,0,0,0,1.21,1.18,0,3,null,2012,44.2,26.45,35.6,3.39,0,3.39,2011,1.81,66.8,0,66.8);
insert into stocks_dividend values ('5489',2011,2.33,0,2.33,0,0,0,2.33,2.27,0,111,null,2011,36,22.8,28.4,8.2,0,8.2,2010,2.61,89.2,0,89.2);
insert into stocks_dividend values ('5489',2010,1.5,0,1.5,0.5,0,0.5,2,1.46,4.86,512,512,2010,44.4,31.05,37,4.06,1.35,5.41,2009,2.5,60,20,80);
insert into stocks_dividend values ('5489',2009,0.98,0,0.98,0.49,0,0.49,1.48,0.91,4.56,12,12,2009,39.85,18.2,28.2,3.48,1.74,5.23,2008,2.13,46.2,23.1,69.3);
insert into stocks_dividend values ('5489',2008,2.5,0,2.5,0.71,0,0.71,3.2,null,null,344,344,2008,56,15.1,36.6,6.82,1.93,8.75,2007,4.01,62.2,17.6,79.8);
insert into stocks_dividend values ('5489',2007,1.99,0,1.99,0.5,0,0.5,2.49,null,null,3,3,2007,80.4,28.9,49.6,4.01,1,5.01,2006,3.07,64.8,16.2,81);
insert into stocks_dividend values ('5489',2006,0.61,0,0.61,0.2,0,0.2,0.81,null,null,25,25,2006,32.3,17.2,22.7,2.68,0.89,3.57,2005,1.31,46.4,15.5,61.8);
insert into stocks_dividend values ('5489',2005,0.5,0,0.5,0.99,0,0.99,1.49,null,null,166,166,2005,25.7,17,19.9,2.5,5,7.49,2004,2.28,21.8,43.5,65.3);
insert into stocks_dividend values ('5489',2004,0,0,0,1.19,0,1.19,1.19,null,null,null,2,2004,26.7,15.1,20.6,0,5.77,5.77,2003,1.67,0,71.3,71.3);
insert into stocks_dividend values ('5489',2003,0,0,0,0.5,0,0.5,0.5,null,null,null,1,2003,20.5,11.15,14.3,0,3.5,3.5,2002,0.24,0,208,208);
insert into stocks_dividend values ('5489',2002,0,0,0,0,0,0,0,null,null,null,null,2002,27.5,10,17.6,0,0,0,2001,0.14,0,0,0);
insert into stocks_dividend values ('5489',2001,0,0,0,0.8,0.2,1,1,null,null,null,2,2001,29.5,10.5,16.1,0,6.2,6.2,2000,1.52,0,65.8,65.8);
insert into stocks_dividend values ('5489',2000,0,0,0,1.6,0,1.6,1.6,null,null,null,null,null,null,null,null,null,null,null,1999,2.1,0,76.2,76.2);
insert into stocks_dividend values ('5489',1999,0,0,0,2,0,2,2,null,null,null,null,null,null,null,null,null,null,null,1998,2.34,0,85.5,85.5);
insert into stocks_dividend values ('5489',1998,0,0,0,1.2,0.8,2,2,null,null,null,null,null,null,null,null,null,null,null,1997,4.24,0,47.2,47.2);
